2000
1000
5000
4000
850
750
500
2500
600
450
1500
1250
1200
400
1800
2000
1000
5000
4000
850
750
500
2500
600
450
1500
1250
1200
400
1800
2000
1000
5000
4000
850
750
500
2500
600
450
1500
1250
1200
400
1800
2000
1000
5000
4000
850
750
500
2500
600
450
1500
1250
1200
400
1800
2000
1000
5000
4000
850
750
500
2500
600
450
1500
1250
1200
400
1800
2000
1000
5000
4000
850
750
500
2500
600
450
1500
1250
1200
400
1800
2000
1000
5000
4000
850
750
500
2500
600
450